First routing table for node 0:
0		0		0
1		1		0 1
2		2		0 1 2
3		3		0 1 2 3
4		4		0 1 2 3 4
5		3		0 1 2 5
6		2		0 7 6
7		1		0 7
8		2		0 7 8
---------------------------------------------------------------------

Second routing table for node 0:
0		0		0
1		2		0 7 1
2		3		0 7 8 2
3		4		0 7 6 5 3
4		4		0 7 6 5 4
5		3		0 7 6 5
6		4		0 1 2 5 6
7		2		0 1 7
8		3		0 1 2 8
======================================================================

First routing table for node 1:
0		1		1 0
1		0		1
2		1		1 2
3		2		1 2 3
4		3		1 2 3 4
5		2		1 2 5
6		2		1 7 6
7		1		1 7
8		2		1 2 8
---------------------------------------------------------------------

Second routing table for node 1:
0		2		1 7 0
1		0		1
2		3		1 7 8 2
3		4		1 7 6 5 3
4		4		1 7 6 5 4
5		3		1 7 6 5
6		3		1 2 5 6
7		2		1 0 7
8		2		1 7 8
======================================================================

First routing table for node 2:
0		2		2 1 0
1		1		2 1
2		0		2
3		1		2 3
4		2		2 3 4
5		1		2 5
6		2		2 5 6
7		2		2 1 7
8		1		2 8
---------------------------------------------------------------------

Second routing table for node 2:
0		3		2 8 7 0
1		3		2 8 7 1
2		0		2
3		2		2 5 3
4		2		2 5 4
5		2		2 3 5
6		2		2 8 6
7		2		2 8 7
8		3		2 5 6 8
======================================================================

First routing table for node 3:
0		3		3 2 1 0
1		2		3 2 1
2		1		3 2
3		0		3
4		1		3 4
5		1		3 5
6		2		3 5 6
7		3		3 2 1 7
8		2		3 2 8
---------------------------------------------------------------------

Second routing table for node 3:
0		4		3 5 6 7 0
1		4		3 5 6 7 1
2		2		3 5 2
3		0		3
4		2		3 5 4
5		2		3 2 5
6		3		3 2 8 6
7		3		3 5 6 7
8		3		3 5 6 8
======================================================================

First routing table for node 4:
0		4		4 3 2 1 0
1		3		4 3 2 1
2		2		4 3 2
3		1		4 3
4		0		4
5		1		4 5
6		2		4 5 6
7		3		4 5 6 7
8		3		4 3 2 8
---------------------------------------------------------------------

Second routing table for node 4:
0		4		4 5 6 7 0
1		4		4 5 6 7 1
2		2		4 5 2
3		2		4 5 3
4		0		4
5		2		4 3 5
6		4		4 3 2 8 6
7		4		4 3 2 1 7
8		3		4 5 6 8
======================================================================

First routing table for node 5:
0		3		5 2 1 0
1		2		5 2 1
2		1		5 2
3		1		5 3
4		1		5 4
5		0		5
6		1		5 6
7		2		5 6 7
8		2		5 2 8
---------------------------------------------------------------------

Second routing table for node 5:
0		3		5 6 7 0
1		3		5 6 7 1
2		2		5 3 2
3		2		5 2 3
4		2		5 3 4
5		0		5
6		3		5 2 8 6
7		3		5 2 1 7
8		2		5 6 8
======================================================================

First routing table for node 6:
0		2		6 7 0
1		2		6 7 1
2		2		6 5 2
3		2		6 5 3
4		2		6 5 4
5		1		6 5
6		0		6
7		1		6 7
8		1		6 8
---------------------------------------------------------------------

Second routing table for node 6:
0		4		6 5 2 1 0
1		3		6 5 2 1
2		2		6 8 2
3		3		6 8 2 3
4		4		6 8 2 3 4
5		3		6 8 2 5
6		0		6
7		2		6 8 7
8		2		6 7 8
======================================================================

First routing table for node 7:
0		1		7 0
1		1		7 1
2		2		7 1 2
3		3		7 1 2 3
4		3		7 6 5 4
5		2		7 6 5
6		1		7 6
7		0		7
8		1		7 8
---------------------------------------------------------------------

Second routing table for node 7:
0		2		7 1 0
1		2		7 0 1
2		2		7 8 2
3		3		7 6 5 3
4		4		7 1 2 3 4
5		3		7 1 2 5
6		2		7 8 6
7		0		7
8		2		7 6 8
======================================================================

First routing table for node 8:
0		2		8 7 0
1		2		8 2 1
2		1		8 2
3		2		8 2 3
4		3		8 2 3 4
5		2		8 2 5
6		1		8 6
7		1		8 7
8		0		8
---------------------------------------------------------------------

Second routing table for node 8:
0		3		8 2 1 0
1		2		8 7 1
2		3		8 7 1 2
3		3		8 6 5 3
4		3		8 6 5 4
5		2		8 6 5
6		2		8 7 6
7		2		8 6 7
8		0		8
======================================================================

