First routing table for node 0:
0		0		0
1		1		0 1
2		1		0 2
3		1		0 3
4		2		0 3 4
5		2		0 2 5
6		3		0 3 4 6
7		2		0 1 7
8		2		0 3 8
9		3		0 1 7 9
10		3		0 2 5 10
11		3		0 3 8 11
12		3		0 2 5 12
13		3		0 3 8 13
---------------------------------------------------------------------

Second routing table for node 0:
0		0		0
1		2		0 2 1
2		2		0 1 2
3		4		0 2 5 4 3
4		3		0 2 5 4
5		3		0 3 4 5
6		3		0 1 7 6
7		4		0 3 4 6 7
8		5		0 1 7 9 11 8
9		4		0 2 5 10 9
10		4		0 1 7 9 10
11		4		0 1 7 9 11
12		4		0 3 8 11 12
13		4		0 1 7 9 13
======================================================================

First routing table for node 1:
0		1		1 0
1		0		1
2		1		1 2
3		2		1 0 3
4		3		1 0 3 4
5		2		1 2 5
6		2		1 7 6
7		1		1 7
8		3		1 0 3 8
9		2		1 7 9
10		3		1 2 5 10
11		3		1 7 9 11
12		3		1 2 5 12
13		3		1 7 9 13
---------------------------------------------------------------------

Second routing table for node 1:
0		2		1 2 0
1		0		1
2		2		1 0 2
3		4		1 2 5 4 3
4		3		1 2 5 4
5		4		1 0 3 4 5
6		4		1 0 3 4 6
7		5		1 0 3 4 6 7
8		4		1 7 9 11 8
9		4		1 2 5 10 9
10		3		1 7 9 10
11		4		1 0 3 8 11
12		4		1 7 9 11 12
13		4		1 0 3 8 13
======================================================================

First routing table for node 2:
0		1		2 0
1		1		2 1
2		0		2
3		2		2 0 3
4		2		2 5 4
5		1		2 5
6		3		2 5 4 6
7		2		2 1 7
8		3		2 0 3 8
9		3		2 1 7 9
10		2		2 5 10
11		3		2 5 12 11
12		2		2 5 12
13		3		2 5 12 13
---------------------------------------------------------------------

Second routing table for node 2:
0		2		2 1 0
1		2		2 0 1
2		0		2
3		3		2 5 4 3
4		3		2 0 3 4
5		4		2 0 3 4 5
6		3		2 1 7 6
7		4		2 5 4 6 7
8		4		2 5 12 11 8
9		3		2 5 10 9
10		4		2 1 7 9 10
11		4		2 0 3 8 11
12		5		2 0 3 8 11 12
13		4		2 0 3 8 13
======================================================================

First routing table for node 3:
0		1		3 0
1		2		3 0 1
2		2		3 0 2
3		0		3
4		1		3 4
5		2		3 4 5
6		2		3 4 6
7		3		3 0 1 7
8		1		3 8
9		3		3 8 11 9
10		3		3 4 5 10
11		2		3 8 11
12		3		3 4 5 12
13		2		3 8 13
---------------------------------------------------------------------

Second routing table for node 3:
0		4		3 4 5 2 0
1		4		3 4 5 2 1
2		3		3 4 5 2
3		0		3
4		4		3 0 2 5 4
5		3		3 0 2 5
6		4		3 0 1 7 6
7		3		3 4 6 7
8		5		3 4 5 12 11 8
9		4		3 0 1 7 9
10		4		3 8 11 9 10
11		4		3 4 5 12 11
12		3		3 8 11 12
13		4		3 4 5 12 13
======================================================================

First routing table for node 4:
0		2		4 3 0
1		3		4 3 0 1
2		2		4 5 2
3		1		4 3
4		0		4
5		1		4 5
6		1		4 6
7		2		4 6 7
8		2		4 3 8
9		3		4 6 7 9
10		2		4 5 10
11		3		4 3 8 11
12		2		4 5 12
13		3		4 3 8 13
---------------------------------------------------------------------

Second routing table for node 4:
0		3		4 5 2 0
1		3		4 5 2 1
2		3		4 3 0 2
3		4		4 5 2 0 3
4		0		4
5		4		4 3 0 2 5
6		5		4 3 0 1 7 6
7		4		4 3 0 1 7
8		4		4 5 12 11 8
9		3		4 5 10 9
10		4		4 6 7 9 10
11		3		4 5 12 11
12		4		4 3 8 11 12
13		3		4 5 12 13
======================================================================

First routing table for node 5:
0		2		5 2 0
1		2		5 2 1
2		1		5 2
3		2		5 4 3
4		1		5 4
5		0		5
6		2		5 4 6
7		3		5 2 1 7
8		3		5 4 3 8
9		2		5 10 9
10		1		5 10
11		2		5 12 11
12		1		5 12
13		2		5 12 13
---------------------------------------------------------------------

Second routing table for node 5:
0		3		5 4 3 0
1		4		5 4 3 0 1
2		4		5 4 3 0 2
3		3		5 2 0 3
4		4		5 2 0 3 4
5		0		5
6		4		5 2 1 7 6
7		3		5 4 6 7
8		3		5 12 11 8
9		3		5 12 11 9
10		4		5 12 11 9 10
11		3		5 10 9 11
12		4		5 10 9 11 12
13		3		5 10 9 13
======================================================================

First routing table for node 6:
0		3		6 7 1 0
1		2		6 7 1
2		3		6 7 1 2
3		2		6 4 3
4		1		6 4
5		2		6 4 5
6		0		6
7		1		6 7
8		3		6 4 3 8
9		2		6 7 9
10		3		6 4 5 10
11		3		6 7 9 11
12		3		6 4 5 12
13		3		6 7 9 13
---------------------------------------------------------------------

Second routing table for node 6:
0		3		6 4 3 0
1		4		6 4 3 0 1
2		3		6 4 5 2
3		4		6 7 1 0 3
4		5		6 7 1 0 3 4
5		4		6 7 1 2 5
6		0		6
7		5		6 4 3 0 1 7
8		4		6 7 9 11 8
9		4		6 4 5 10 9
10		3		6 7 9 10
11		4		6 4 3 8 11
12		4		6 7 9 11 12
13		4		6 4 3 8 13
======================================================================

First routing table for node 7:
0		2		7 1 0
1		1		7 1
2		2		7 1 2
3		3		7 1 0 3
4		2		7 6 4
5		3		7 1 2 5
6		1		7 6
7		0		7
8		3		7 9 11 8
9		1		7 9
10		2		7 9 10
11		2		7 9 11
12		3		7 9 11 12
13		2		7 9 13
---------------------------------------------------------------------

Second routing table for node 7:
0		4		7 6 4 3 0
1		5		7 6 4 3 0 1
2		4		7 6 4 5 2
3		3		7 6 4 3
4		4		7 1 0 3 4
5		3		7 6 4 5
6		5		7 1 0 3 4 6
7		0		7
8		4		7 1 0 3 8
9		5		7 1 2 5 10 9
10		4		7 1 2 5 10
11		5		7 1 0 3 8 11
12		4		7 1 2 5 12
13		5		7 1 0 3 8 13
======================================================================

First routing table for node 8:
0		2		8 3 0
1		3		8 3 0 1
2		3		8 3 0 2
3		1		8 3
4		2		8 3 4
5		3		8 3 4 5
6		3		8 3 4 6
7		3		8 11 9 7
8		0		8
9		2		8 11 9
10		3		8 11 9 10
11		1		8 11
12		2		8 11 12
13		1		8 13
---------------------------------------------------------------------

Second routing table for node 8:
0		5		8 11 9 7 1 0
1		4		8 11 9 7 1
2		4		8 11 12 5 2
3		5		8 11 12 5 4 3
4		4		8 11 12 5 4
5		3		8 11 12 5
6		4		8 11 9 7 6
7		4		8 3 0 1 7
8		0		8
9		2		8 13 9
10		4		8 3 4 5 10
11		3		8 13 9 11
12		2		8 13 12
13		3		8 11 9 13
======================================================================

First routing table for node 9:
0		3		9 7 1 0
1		2		9 7 1
2		3		9 7 1 2
3		3		9 11 8 3
4		3		9 10 5 4
5		2		9 10 5
6		2		9 7 6
7		1		9 7
8		2		9 11 8
9		0		9
10		1		9 10
11		1		9 11
12		2		9 11 12
13		1		9 13
---------------------------------------------------------------------

Second routing table for node 9:
0		4		9 10 5 2 0
1		4		9 10 5 2 1
2		3		9 10 5 2
3		4		9 7 1 0 3
4		3		9 7 6 4
5		3		9 11 12 5
6		4		9 10 5 4 6
7		5		9 10 5 2 1 7
8		2		9 13 8
9		0		9
10		4		9 11 12 5 10
11		3		9 13 8 11
12		2		9 13 12
13		3		9 11 8 13
======================================================================

First routing table for node 10:
0		3		10 5 2 0
1		3		10 5 2 1
2		2		10 5 2
3		3		10 5 4 3
4		2		10 5 4
5		1		10 5
6		3		10 5 4 6
7		2		10 9 7
8		3		10 9 11 8
9		1		10 9
10		0		10
11		2		10 9 11
12		2		10 5 12
13		2		10 9 13
---------------------------------------------------------------------

Second routing table for node 10:
0		4		10 9 7 1 0
1		3		10 9 7 1
2		4		10 9 7 1 2
3		4		10 9 11 8 3
4		4		10 9 7 6 4
5		4		10 9 11 12 5
6		3		10 9 7 6
7		4		10 5 2 1 7
8		4		10 5 4 3 8
9		4		10 5 12 11 9
10		0		10
11		3		10 5 12 11
12		3		10 9 11 12
13		3		10 5 12 13
======================================================================

First routing table for node 11:
0		3		11 8 3 0
1		3		11 9 7 1
2		3		11 12 5 2
3		2		11 8 3
4		3		11 8 3 4
5		2		11 12 5
6		3		11 9 7 6
7		2		11 9 7
8		1		11 8
9		1		11 9
10		2		11 9 10
11		0		11
12		1		11 12
13		2		11 8 13
---------------------------------------------------------------------

Second routing table for node 11:
0		4		11 9 7 1 0
1		4		11 8 3 0 1
2		4		11 8 3 0 2
3		4		11 12 5 4 3
4		3		11 12 5 4
5		3		11 9 10 5
6		4		11 8 3 4 6
7		5		11 8 3 0 1 7
8		3		11 9 13 8
9		3		11 8 13 9
10		3		11 12 5 10
11		0		11
12		3		11 8 13 12
13		2		11 9 13
======================================================================

First routing table for node 12:
0		3		12 5 2 0
1		3		12 5 2 1
2		2		12 5 2
3		3		12 5 4 3
4		2		12 5 4
5		1		12 5
6		3		12 5 4 6
7		3		12 11 9 7
8		2		12 11 8
9		2		12 11 9
10		2		12 5 10
11		1		12 11
12		0		12
13		1		12 13
---------------------------------------------------------------------

Second routing table for node 12:
0		4		12 11 8 3 0
1		4		12 11 9 7 1
2		5		12 11 8 3 0 2
3		3		12 11 8 3
4		4		12 11 8 3 4
5		4		12 11 9 10 5
6		4		12 11 9 7 6
7		4		12 5 2 1 7
8		2		12 13 8
9		2		12 13 9
10		3		12 11 9 10
11		3		12 13 8 11
12		0		12
13		3		12 11 8 13
======================================================================

First routing table for node 13:
0		3		13 8 3 0
1		3		13 9 7 1
2		3		13 12 5 2
3		2		13 8 3
4		3		13 8 3 4
5		2		13 12 5
6		3		13 9 7 6
7		2		13 9 7
8		1		13 8
9		1		13 9
10		2		13 9 10
11		2		13 8 11
12		1		13 12
13		0		13
---------------------------------------------------------------------

Second routing table for node 13:
0		4		13 9 7 1 0
1		4		13 8 3 0 1
2		4		13 8 3 0 2
3		4		13 12 5 4 3
4		3		13 12 5 4
5		3		13 9 10 5
6		4		13 8 3 4 6
7		5		13 8 3 0 1 7
8		3		13 9 11 8
9		3		13 8 11 9
10		3		13 12 5 10
11		2		13 9 11
12		3		13 8 11 12
13		0		13
======================================================================

