24 48
0 1 2 30
0 9 5 40 
0 8 4 50
1 2 6 27
2 3 7 20
2 8 5 22
3 4 3 30
4 5 1 25
5 6 3 50
6 7 4 34
7 8 6 23
7 13 7 45
7 14 8 40
8 9 9 35
8 11 10 49
8 12 2 8 
8 14 6 37
9 10 7 58
9 12 3 9
10 15 6 11
10 11 6 20
11 12 6 31
11 17 7 42
12 13 4 51
12 17 3 62
12 14 6 73
13 14 2 24
13 19 5 65
14 17 6 36
14 18 6 17
14 19 9 28
15 16 9 39
15 17 8 50
15 18 7 70 
16 17 3 40
16 23 4 79
17 18 5 29 
17 23 5 18
17 22 3 47
18 19 5 69
18 20 6 58 
18 21 1 74
18 22 2 63
18 23 1 52 
19 20 2 40 
20 21 5 57 
21 22 5 20 
22 23 6 13 