

Routing Table for Node 0

Destination	Path										Path Delay	Path Cost
1			0	1									2			1
1			0	2	1								5			2
2			0	2									3			1
2			0	1	2								4			2
3			0	3									5			1
3			0	2	5	4	3						14			4
4			0	2	5	4							8			3
4			0	3	4								11			2
5			0	2	5								4			2
5			0	3	4	5							15			3
6			0	2	5	4	6						11			4
6			0	1	7	6							16			3
7			0	1	7								9			2
7			0	2	5	4	6	7					18			5
8			0	3	8								14			2
8			0	2	5	12	13	8					15			5
9			0	1	7	9							19			3
9			0	2	5	10	9						19			4
10			0	2	5	10							11			3
10			0	1	7	9	10						27			4
11			0	3	8	11							15			3
11			0	2	5	12	11						17			4
12			0	2	5	12							12			3
12			0	3	8	13	12						17			4
13			0	2	5	12	13						13			4
13			0	3	8	13							16			3


Routing Table for Node 1

Destination	Path										Path Delay	Path Cost
0			1	0									2			1
0			1	2	0								5			2
2			1	2									2			1
2			1	0	2								5			2
3			1	0	3								7			2
3			1	2	5	4	3						13			4
4			1	2	5	4							7			3
4			1	0	3	4							13			3
5			1	2	5								3			2
5			1	0	3	4	5						17			4
6			1	2	5	4	6						10			4
6			1	7	6								14			2
7			1	7									7			1
7			1	2	5	4	6	7					17			5
8			1	2	5	12	13	8					14			5
8			1	0	3	8							16			3
9			1	7	9								17			2
9			1	2	5	10	9						18			4
10			1	2	5	10							10			3
10			1	7	9	10							25			3
11			1	2	5	12	13	8	11				15			6
11			1	7	9	11							24			3
12			1	2	5	12							11			3
12			1	0	3	8	13	12					19			5
13			1	2	5	12	13						12			4
13			1	0	3	8	13						18			4


Routing Table for Node 2

Destination	Path										Path Delay	Path Cost
0			2	0									3			1
0			2	1	0								4			2
1			2	1									2			1
1			2	0	1								5			2
3			2	0	3								8			2
3			2	5	4	3							11			3
4			2	5	4								5			2
4			2	0	3	4							14			3
5			2	5									1			1
5			2	0	3	4	5						18			4
6			2	5	4	6							8			3
6			2	1	7	6							16			3
7			2	1	7								9			2
7			2	5	4	6	7						15			4
8			2	5	12	13	8						12			4
8			2	0	3	8							17			3
9			2	5	10	9							16			3
9			2	1	7	9							19			3
10			2	5	10								8			2
10			2	1	7	9	10						27			4
11			2	5	12	13	8	11					13			5
11			2	1	7	9	11						26			4
12			2	5	12								9			2
12			2	0	3	8	13	12					20			5
13			2	5	12	13							10			3
13			2	0	3	8	13						19			4


Routing Table for Node 3

Destination	Path										Path Delay	Path Cost
0			3	0									5			1
0			3	4	5	2	0						14			4
1			3	0	1								7			2
1			3	4	5	2	1						13			4
2			3	0	2								8			2
2			3	4	5	2							11			3
4			3	4									6			1
4			3	0	2	5	4						13			4
5			3	0	2	5							9			3
5			3	4	5								10			2
6			3	4	6								9			2
6			3	0	1	7	6						21			4
7			3	0	1	7							14			3
7			3	4	6	7							16			3
8			3	8									9			1
8			3	0	2	5	12	13	8				20			6
9			3	8	11	9							17			3
9			3	0	1	7	9						24			4
10			3	0	2	5	10						16			4
10			3	8	11	9	10						25			4
11			3	8	11								10			2
11			3	0	2	5	12	11					22			5
12			3	8	13	12							12			3
12			3	0	2	5	12						17			4
13			3	8	13								11			2
13			3	0	2	5	12	13					18			5


Routing Table for Node 4

Destination	Path										Path Delay	Path Cost
0			4	5	2	0							8			3
0			4	3	0								11			2
1			4	5	2	1							7			3
1			4	3	0	1							13			3
2			4	5	2								5			2
2			4	3	0	2							14			3
3			4	3									6			1
3			4	5	2	0	3						13			4
5			4	5									4			1
5			4	3	0	2	5						15			4
6			4	6									3			1
6			4	5	2	1	7	6					21			5
7			4	6	7								10			2
7			4	5	2	1	7						14			4
8			4	3	8								15			2
8			4	5	12	13	8						15			4
9			4	5	10	9							19			3
9			4	6	7	9							20			3
10			4	5	10								11			2
10			4	6	7	9	10						28			4
11			4	3	8	11							16			3
11			4	5	12	11							17			3
12			4	5	12								12			2
12			4	3	8	13	12						18			4
13			4	5	12	13							13			3
13			4	3	8	13							17			3


Routing Table for Node 5

Destination	Path										Path Delay	Path Cost
0			5	2	0								4			2
0			5	4	3	0							15			3
1			5	2	1								3			2
1			5	4	3	0	1						17			4
2			5	2									1			1
2			5	4	3	0	2						18			4
3			5	2	0	3							9			3
3			5	4	3								10			2
4			5	4									4			1
4			5	2	0	3	4						15			4
6			5	4	6								7			2
6			5	2	1	7	6						17			4
7			5	2	1	7							10			3
7			5	4	6	7							14			3
8			5	12	13	8							11			3
8			5	2	0	3	8						18			4
9			5	10	9								15			2
9			5	12	13	9							15			3
10			5	10									7			1
10			5	12	13	9	10						23			4
11			5	12	13	8	11						12			4
11			5	10	9	11							22			3
12			5	12									8			1
12			5	2	0	3	8	13	12				21			6
13			5	12	13								9			2
13			5	2	0	3	8	13					20			5


Routing Table for Node 6

Destination	Path										Path Delay	Path Cost
0			6	4	5	2	0						11			4
0			6	7	1	0							16			3
1			6	4	5	2	1						10			4
1			6	7	1								14			2
2			6	4	5	2							8			3
2			6	7	1	2							16			3
3			6	4	3								9			2
3			6	7	1	0	3						21			4
4			6	4									3			1
4			6	7	1	2	5	4					21			5
5			6	4	5								7			2
5			6	7	1	2	5						17			4
7			6	7									7			1
7			6	4	5	2	1	7					17			5
8			6	4	3	8							18			3
8			6	7	9	13	8						25			4
9			6	7	9								17			2
9			6	4	5	10	9						22			4
10			6	4	5	10							14			3
10			6	7	9	10							25			3
11			6	4	3	8	11						19			4
11			6	7	9	11							24			3
12			6	4	5	12							15			3
12			6	7	9	13	12						24			4
13			6	4	5	12	13						16			4
13			6	7	9	13							23			3


Routing Table for Node 7

Destination	Path										Path Delay	Path Cost
0			7	1	0								9			2
0			7	6	4	5	2	0					18			5
1			7	1									7			1
1			7	6	4	5	2	1					17			5
2			7	1	2								9			2
2			7	6	4	5	2						15			4
3			7	1	0	3							14			3
3			7	6	4	3							16			3
4			7	6	4								10			2
4			7	1	2	5	4						14			4
5			7	1	2	5							10			3
5			7	6	4	5							14			3
6			7	6									7			1
6			7	1	2	5	4	6					17			5
8			7	9	13	8							18			3
8			7	1	0	3	8						23			4
9			7	9									10			1
9			7	1	2	5	10	9					25			5
10			7	1	2	5	10						17			4
10			7	9	10								18			2
11			7	9	11								17			2
11			7	1	2	5	12	13	8	11			22			7
12			7	9	13	12							17			3
12			7	1	2	5	12						18			4
13			7	9	13								16			2
13			7	1	2	5	12	13					19			5


Routing Table for Node 8

Destination	Path										Path Delay	Path Cost
0			8	3	0								14			2
0			8	13	12	5	2	0					15			5
1			8	13	12	5	2	1					14			5
1			8	3	0	1							16			3
2			8	13	12	5	2						12			4
2			8	3	0	2							17			3
3			8	3									9			1
3			8	13	12	5	2	0	3				20			6
4			8	3	4								15			2
4			8	13	12	5	4						15			4
5			8	13	12	5							11			3
5			8	3	0	2	5						18			4
6			8	3	4	6							18			3
6			8	13	9	7	6						25			4
7			8	13	9	7							18			3
7			8	3	0	1	7						23			4
9			8	11	9								8			2
9			8	13	9								8			2
10			8	11	9	10							16			3
10			8	13	12	5	10						18			4
11			8	11									1			1
11			8	13	12	11							8			3
12			8	13	12								3			2
12			8	11	12								6			2
13			8	13									2			1
13			8	11	12	13							7			3


Routing Table for Node 9

Destination	Path										Path Delay	Path Cost
0			9	7	1	0							19			3
0			9	10	5	2	0						19			4
1			9	7	1								17			2
1			9	10	5	2	1						18			4
2			9	10	5	2							16			3
2			9	7	1	2							19			3
3			9	11	8	3							17			3
3			9	7	1	0	3						24			4
4			9	10	5	4							19			3
4			9	7	6	4							20			3
5			9	10	5								15			2
5			9	13	12	5							15			3
6			9	7	6								17			2
6			9	10	5	4	6						22			4
7			9	7									10			1
7			9	10	5	2	1	7					25			5
8			9	11	8								8			2
8			9	13	8								8			2
10			9	10									8			1
10			9	13	12	5	10						22			4
11			9	11									7			1
11			9	13	8	11							9			3
12			9	13	12								7			2
12			9	11	12								12			2
13			9	13									6			1
13			9	11	8	13							10			3


Routing Table for Node 10

Destination	Path										Path Delay	Path Cost
0			10	5	2	0							11			3
0			10	9	7	1	0						27			4
1			10	5	2	1							10			3
1			10	9	7	1							25			3
2			10	5	2								8			2
2			10	9	7	1	2						27			4
3			10	5	2	0	3						16			4
3			10	9	11	8	3						25			4
4			10	5	4								11			2
4			10	9	7	6	4						28			4
5			10	5									7			1
5			10	9	13	12	5						23			4
6			10	5	4	6							14			3
6			10	9	7	6							25			3
7			10	5	2	1	7						17			4
7			10	9	7								18			2
8			10	9	11	8							16			3
8			10	5	12	13	8						18			4
9			10	9									8			1
9			10	5	12	13	9						22			4
11			10	9	11								15			2
11			10	5	12	13	8	11					19			5
12			10	5	12								15			2
12			10	9	13	12							15			3
13			10	9	13								14			2
13			10	5	12	13							16			3


Routing Table for Node 11

Destination	Path										Path Delay	Path Cost
0			11	8	3	0							15			3
0			11	12	5	2	0						17			4
1			11	8	13	12	5	2	1				15			6
1			11	9	7	1							24			3
2			11	8	13	12	5	2					13			5
2			11	9	7	1	2						26			4
3			11	8	3								10			2
3			11	12	5	2	0	3					22			5
4			11	8	3	4							16			3
4			11	12	5	4							17			3
5			11	8	13	12	5						12			4
5			11	9	10	5							22			3
6			11	8	3	4	6						19			4
6			11	9	7	6							24			3
7			11	9	7								17			2
7			11	8	13	12	5	2	1	7			22			7
8			11	8									1			1
8			11	12	13	8							8			3
9			11	9									7			1
9			11	8	13	9							9			3
10			11	9	10								15			2
10			11	8	13	12	5	10					19			5
12			11	8	13	12							4			3
12			11	12									5			1
13			11	8	13								3			2
13			11	12	13								6			2


Routing Table for Node 12

Destination	Path										Path Delay	Path Cost
0			12	5	2	0							12			3
0			12	13	8	3	0						17			4
1			12	5	2	1							11			3
1			12	13	8	3	0	1					19			5
2			12	5	2								9			2
2			12	13	8	3	0	2					20			5
3			12	13	8	3							12			3
3			12	5	2	0	3						17			4
4			12	5	4								12			2
4			12	13	8	3	4						18			4
5			12	5									8			1
5			12	13	8	3	0	2	5				21			6
6			12	5	4	6							15			3
6			12	13	9	7	6						24			4
7			12	13	9	7							17			3
7			12	5	2	1	7						18			4
8			12	13	8								3			2
8			12	11	8								6			2
9			12	13	9								7			2
9			12	11	9								12			2
10			12	5	10								15			2
10			12	13	9	10							15			3
11			12	13	8	11							4			3
11			12	11									5			1
13			12	13									1			1
13			12	11	8	13							8			3


Routing Table for Node 13

Destination	Path										Path Delay	Path Cost
0			13	12	5	2	0						13			4
0			13	8	3	0							16			3
1			13	12	5	2	1						12			4
1			13	8	3	0	1						18			4
2			13	12	5	2							10			3
2			13	8	3	0	2						19			4
3			13	8	3								11			2
3			13	12	5	2	0	3					18			5
4			13	12	5	4							13			3
4			13	8	3	4							17			3
5			13	12	5								9			2
5			13	8	3	0	2	5					20			5
6			13	12	5	4	6						16			4
6			13	9	7	6							23			3
7			13	9	7								16			2
7			13	12	5	2	1	7					19			5
8			13	8									2			1
8			13	12	11	8							7			3
9			13	9									6			1
9			13	8	11	9							10			3
10			13	9	10								14			2
10			13	12	5	10							16			3
11			13	8	11								3			2
11			13	12	11								6			2
12			13	12									1			1
12			13	8	11	12							8			3
